13	22	1.1770078653
13	28	1.33066530726
13	1	1.16839120277
13	2	1.75273506811
13	5	2.70258900684
13	9	1.18166503227
15	13	1.58979668103
15	22	1.68440943419
15	17	1.26593008288
15	28	1.01371772701
15	7	1.24990803704
15	8	1.45862233722
17	8	3.95669883954
17	3	1.71810038939
17	21	1.59823610684
17	7	0.862762517407
22	13	1.79567861478
22	15	2.41836912071
22	17	2.91442302762
22	23	1.89401578475
22	1	1.22353863621
22	3	7.52622709222
22	7	3.92883741819
22	8	4.9619008675
23	8	1.11118297641
23	3	1.55171926093
23	28	0.872365653476
23	22	1.13088278609
28	13	2.15503448665
28	15	1.95337584344
28	17	2.86160432491
28	22	5.54704383633
28	23	1.63510979477
28	2	4.95779841747
28	5	2.19808118512
28	7	5.73080430103
28	9	2.90198954985
28	8	6.76386775034
1	3	2.75537112302
1	13	1.14656839125
1	23	0.873732000723
3	13	2.13669964315
3	15	1.59441752741
3	22	5.18808552029
3	23	1.4528154848
3	28	2.45652094029
3	1	1.67598497396
3	5	1.97365905434
3	9	2.30752066531
3	8	0.840552677683
2	13	1.83133221936
2	15	1.90731196547
2	17	3.81655360213
2	28	2.97550266563
2	1	1.16453026288
2	7	6.92126414676
2	9	2.00215324151
2	8	3.42040727585
5	22	1.03008652184
5	23	1.2104749447
5	1	2.05190629571
5	3	1.44228896202
5	9	1.65300555065
5	8	0.804299424874
7	17	1.63385951047
7	22	3.70103716003
7	23	2.26215056587
7	28	3.85469460198
7	3	1.29956868029
7	2	6.20310105041
7	5	1.58859823252
7	9	3.11685574637
7	8	4.71177378677
9	13	1.43631807237
9	22	3.03645890387
9	23	1.35573762283
9	28	2.77794177126
9	3	0.778160644042
9	2	0.941685406667
9	5	1.47936477084
9	7	2.18978293216
9	8	4.04719553061
8	13	2.24163678724
8	15	3.07041458045
8	17	7.06995237116
8	22	4.39712241322
8	23	1.51562480808
8	28	4.96295442974
8	3	3.85043951903
8	2	9.16614646372
8	7	5.40523202705
8	9	3.400766425
21	17	1.60934521502
