10	26	0.916588542851
10	21	0.640215374452
10	23	0.304815402188
10	19	-1.46566076813
10	33	0.836221033292
10	3	-1.14558318316
10	6	-1.33340554289
10	9	0.124728311366
10	8	-0.449359421864
26	21	0.0117323230697
26	23	1.25012686626
26	19	0.421257894072
26	1	-1.19462871233
26	3	-1.68493106561
26	9	-0.330590823033
26	8	1.34842407141
21	10	-0.102245340982
21	26	0.137222504947
21	23	0.598206105366
21	19	0.509113596005
21	33	0.122429766863
21	3	1.28821458132
21	6	-1.04001483971
21	9	0.108699133738
21	8	0.0407555957459
23	10	0.788863301946
23	26	1.35620500526
23	21	1.16896700578
23	19	-0.107997505046
23	37	-0.23711197372
23	33	0.161066380581
23	3	-0.443667634845
23	6	-2.05057456962
23	8	0.0138174379901
19	10	-1.17579963152
19	26	0.726597898786
19	21	0.820112961802
19	23	0.484712989538
19	33	-0.665265040319
19	37	-0.454816474749
19	1	-1.17314533132
19	3	4.69730514869
19	6	-1.80925567031
19	9	-0.374682213506
19	8	0.189561565824
37	9	0.0568851811417
37	8	-0.7323808431
37	26	-0.767063476856
37	10	-0.744232236872
37	6	-2.27217467889
1	19	0.0671083820453
1	8	-0.490384787142
1	3	1.10850845327
1	26	-0.894955652311
1	21	0.0745918373587
33	11	0.915004783208
33	10	0.070644974788
33	21	-0.031835119164
33	23	-0.826258491767
33	3	0.96006712272
33	6	-0.759535378435
33	9	-0.243008722311
33	8	-0.662386515139
3	10	0.53736732359
3	26	-0.904548491439
3	21	2.53327991691
3	23	0.165062028852
3	19	2.680506402
3	1	0.474446852311
3	33	3.34301891649
3	6	-0.292813029633
3	9	-0.300884545326
3	8	1.05025649173
6	10	-0.222561443
6	26	-0.507691768891
6	21	-1.28510271166
6	23	-1.22705405506
6	19	-2.69321676544
6	37	-2.10100874787
6	33	-0.58805927845
6	3	-0.996068979449
6	9	-1.3886871693
6	8	-1.7189297932
9	10	-0.457594243565
9	26	-1.15973359577
9	23	-0.591160849845
9	37	-0.284769656064
9	6	-2.2949565664
8	26	0.671285794876
8	23	0.214222594615
8	19	-0.333893315088
8	1	-1.00817272335
8	33	0.787642599745
8	3	1.03538061352
8	6	-2.27647037967
8	9	0.118164251849
