25	13	1.41298924745
25	12	1.24561784087
25	22	-0.642303047083
25	23	0.753000839606
25	33	0.815727490986
25	31	0.558438813947
25	40	0.558571667887
25	19	0.590449443137
25	27	1.07354135555
25	4	0.479545507881
25	7	1.8822041274
25	8	0.590654029118
13	33	0.590886851752
13	25	0.918043575758
13	12	2.42521067659
13	7	2.05844229096
12	25	0.689400984057
12	13	2.56404291241
12	27	1.50679461524
12	23	1.28405150387
12	33	4.25826801485
12	32	0.489568645372
12	19	1.22450753413
12	4	3.01657820956
12	7	1.51330531256
22	8	0.664505166545
22	4	0.837443470903
23	25	0.0889298109901
23	13	-0.0424989727879
23	27	2.01108151254
23	33	3.55910791432
23	31	0.806824860499
23	19	0.926550822421
23	4	2.90434677273
23	7	2.8201759897
23	8	0.926822624724
33	25	1.27361367699
33	13	1.74398059793
33	12	5.47280951158
33	23	4.67626887013
33	19	1.40738377467
33	32	4.08256382686
33	31	0.778894189959
33	40	0.788184562475
33	27	2.29178884029
33	4	5.40610143282
33	7	3.30124984492
33	8	1.40789707582
32	25	-0.799886087832
32	12	-0.911882367614
32	23	1.28574704356
32	33	3.27219375317
32	31	0.921572430982
32	40	0.931742593857
32	19	1.04068468951
32	27	0.922042699988
32	4	0.410556656871
32	7	0.32640070899
32	8	1.04083180497
31	25	-1.18773466232
31	13	-1.31916185868
31	27	0.441915060959
31	23	0.132594428393
31	33	-0.015944977599
31	32	0.742639885667
31	40	0.96177113233
31	7	0.247896732398
31	8	0.962336464809
40	25	-1.18743116649
40	27	0.455133221022
40	33	-0.00286236411233
40	32	0.751242670776
40	31	0.96172708721
40	12	-0.977052736554
40	4	-0.131858543719
40	7	0.260967030224
40	8	0.975405742738
19	25	-1.15113174901
19	27	1.07068857262
19	22	-1.14985175497
19	23	0.245401848001
19	33	0.612571051383
19	32	0.855110756784
19	31	0.962334066185
19	12	-0.361598700709
19	4	-0.028068769388
19	7	0.876613561972
19	8	1.59104524647
27	25	-0.646682001489
27	13	0.224882008354
27	12	-0.257918050974
27	23	1.55210001174
27	33	1.51909324713
27	32	1.15877545879
27	31	0.86488298466
27	19	1.49433281242
27	4	0.0750586567054
27	7	1.18127811658
27	8	1.494652644
4	27	1.75856096091
4	22	0.927961434693
4	23	2.72441541599
4	33	4.91148507646
4	32	1.12773319874
4	31	0.755988843819
4	40	0.766156802818
4	19	0.874631188782
4	12	3.53619946576
4	7	1.5647705128
4	8	0.875181106131
7	25	0.119154843721
7	13	0.99075890904
7	12	2.11329279859
7	22	0.721755427864
7	23	1.51545587345
7	33	1.48300506861
7	32	1.12211331775
7	31	0.82854400475
7	19	1.45823591071
7	27	1.1392397911
7	4	1.24189073422
7	8	1.45858796139
8	25	-1.15104451599
8	27	1.07275341159
8	23	0.245180498743
8	33	0.614668816996
8	32	0.854881178825
8	31	0.962535332566
8	19	1.59283965524
8	4	-0.028325351604
8	7	0.878504957877
