24	10	1.82007093944
24	27	4.16102530085
24	14	4.18069864517
24	17	3.73532236212
24	32	4.6501308433
24	30	0.79063717024
24	2	2.9639164061
24	5	3.9771221043
24	9	1.44694223478
24	8	11.8466254056
10	24	1.40831766747
10	27	3.3672044121
10	14	2.97470318186
10	17	1.6847941336
10	32	1.56916617836
10	8	1.57278930181
27	24	2.97045794628
27	14	5.1551053225
27	17	6.35842733772
27	32	3.76975193509
27	30	0.322432836597
27	22	4.02346726491
27	2	2.90788664702
27	5	2.06630675968
27	9	4.8943963595
27	8	9.31754819909
14	24	3.93317147597
14	10	5.19980215745
14	27	6.09814550789
14	17	13.9159340604
14	32	5.96898918848
14	5	0.96814741654
14	9	5.44493531463
14	8	8.01330156868
17	24	2.4047244285
17	10	3.65117149389
17	27	9.92796792976
17	14	13.2450378706
17	25	2.97204192114
17	32	9.96453166548
17	2	3.33222233349
17	9	4.92674108749
17	8	13.4918222888
25	27	2.49333239613
25	22	1.38136768284
25	17	1.44936759555
25	32	1.95200150216
25	2	1.09013621409
25	9	1.22186034103
25	8	0.90500457311
32	24	3.27746590205
32	10	1.63869094549
32	27	2.96939248658
32	14	4.01950226731
32	17	14.4563849781
32	25	2.608259671
32	30	3.49447919825
32	22	1.01289500809
32	2	8.73888412726
32	5	7.89730423992
32	9	1.26556224084
32	8	6.73933413292
30	24	0.694691114672
30	22	0.697080380808
30	17	3.03204045362
30	32	5.18337265849
30	2	2.46672178488
30	5	2.03731647209
30	9	0.331485751709
30	8	1.68351189814
22	25	1.27075408144
22	27	2.04406147159
22	17	2.62861135319
22	2	1.23894353531
22	5	1.22171279709
22	9	1.96874590801
22	8	1.07399551042
2	24	4.46735634896
2	10	1.38597038142
2	27	4.57145750805
2	14	3.56069441596
2	17	2.86886361345
2	25	1.32510267052
2	32	8.72976698941
2	30	0.97479847407
2	22	0.966261731295
2	5	1.25587777008
2	8	7.51705000525
5	24	4.11407531375
5	10	1.65095120805
5	27	2.77556546185
5	14	1.3526277952
5	22	1.23124255792
5	25	3.03269450812
5	32	5.90343850681
5	2	1.33200204765
5	9	0.45347335426
5	8	3.04202322439
9	24	3.30218681927
9	10	2.46757739575
9	27	2.58193882923
9	14	3.2198740354
9	17	5.02127429637
9	25	1.39645686452
9	32	1.19607517004
9	2	0.952471743824
9	5	1.14132829289
9	8	3.87883302818
8	24	14.3998307128
8	10	3.3012241573
8	27	10.7943607008
8	14	13.9053433544
8	17	9.95648318749
8	25	1.77756181934
8	32	6.74954592302
8	22	2.05716635805
8	2	5.47550606039
8	5	3.39740244934
8	9	3.75244460178
