13	20	1.31224379025
13	44	6.02125589135
13	30	2.55441186081
13	28	3.86976194006
13	6	2.33454157685
13	9	1.67911181918
13	8	1.75053098874
38	33	1.56602838336
38	8	1.96879074496
38	44	2.44273841129
38	30	2.04265755686
20	9	1.44247621837
20	8	2.430014626
20	13	2.10737672868
20	33	5.17455367001
20	6	3.45253855648
33	38	1.67474362472
33	20	6.45839404923
33	44	5.1800314241
33	30	3.6114796763
33	29	3.09928527345
33	77	1.20072825607
33	7	1.12935043659
33	9	2.73615354719
33	8	3.97604050696
44	13	5.18912146866
44	20	2.9621060314
44	33	4.60500099701
44	30	5.81180990035
44	29	2.96209037266
44	6	4.27686691098
44	9	2.01455871777
44	8	2.5245089877
30	77	1.13431580164
30	13	2.32391160823
30	38	1.15586303105
30	20	2.15678773469
30	44	5.10007246721
28	13	4.39875866997
28	44	3.52257307706
29	13	3.07769700287
29	33	3.22385194174
29	44	1.76354921094
29	6	2.96243049374
29	9	2.85187295228
29	8	2.52446386747
77	33	1.097337991
77	8	2.44244149302
77	38	1.82777843903
77	20	2.88065535378
5	44	6.29306961142
7	33	0.991073233573
7	77	0.998210683773
6	13	4.54838250682
6	20	3.40987132881
6	33	4.1103105997
6	44	5.42507921403
6	30	2.10492604876
6	29	3.11786888277
6	8	3.41038451782
9	8	1.27371547291
9	44	1.7046206868
9	20	2.15024475088
9	29	2.88073597567
9	6	1.4203435138
8	13	2.1313445702
8	38	1.98539621779
8	20	2.74588993463
8	33	3.15445623339
8	44	3.30071186401
8	30	1.14838029749
8	29	2.74588093182
8	77	2.60013794988
8	6	3.47664936139
8	9	1.17380414593
