11	25	9.29057103208
11	15	8.05896830027
11	10	9.6866526773
11	18	8.9220312711
11	28	7.92193455945
11	29	7.91436900472
11	9	8.31508348507
11	8	9.32966151479
10	11	9.11530088719
10	25	9.21501401298
10	26	12.6331556522
10	21	8.4290763798
10	17	11.2060414834
10	16	8.56537268478
10	18	9.24239963507
10	29	10.5808220335
10	9	10.2454833405
10	8	11.9720944623
26	11	9.67460797427
26	10	12.0194602942
26	15	9.09425136634
26	17	9.41851763531
26	25	9.09222458879
26	18	7.89655007013
26	9	8.73415419895
26	8	9.12459034775
15	25	9.22742810513
15	26	9.36339949565
15	21	7.8929227252
15	10	8.73134250903
15	18	7.89136164157
15	28	8.95180166076
15	29	8.94316393694
15	1	8.6526377752
15	9	8.45723446501
15	8	7.89063178996
21	8	8.92682798942
21	28	7.93042037749
21	18	9.06227332198
21	17	8.32174894278
21	10	8.72714728398
17	25	8.94242407482
17	26	9.21253569071
17	21	8.41872384055
17	10	11.4777656379
17	29	9.34862223321
17	9	11.334962048
17	8	9.23821024683
25	11	9.12677093604
25	26	9.49335814911
25	15	9.76532574689
25	17	9.68999857647
25	18	7.89543577853
25	28	9.6281381348
25	29	10.4479252163
25	1	10.0187900804
25	8	8.3050657379
18	11	8.92923306607
18	10	9.54756319105
18	26	7.9362641
18	15	7.93112008478
18	21	8.92704675611
18	25	7.9311583232
18	16	8.92639725961
18	28	10.6650558822
18	29	9.01661958214
18	1	8.72810696595
18	9	8.45355737061
18	8	11.1049991709
16	8	8.91607019373
16	28	7.92490672052
16	21	8.9154287802
16	18	9.05142793954
16	10	8.31756465242
28	15	8.94785428662
28	21	7.90268276607
28	18	8.99388050235
28	29	12.0918466894
28	1	10.0186522906
28	8	13.3702867813
29	11	7.894116551
29	10	9.55188518696
29	15	8.9416673245
29	18	8.8484168826
29	9	10.3709499843
29	8	10.4893054111
1	11	9.02049373173
1	25	10.6597008145
1	15	8.60745083855
1	21	8.74524330755
1	17	9.29664676624
1	18	8.74437947558
1	8	9.01616604061
9	11	8.42400607362
9	10	10.2422675877
9	26	9.0809160741
9	21	8.42344604277
9	17	11.06035676
9	18	8.96905972203
9	29	8.67006000192
9	8	9.92322075348
8	11	9.73906672044
8	10	13.1036083322
8	26	9.71482473335
8	15	7.93336523478
8	21	8.9163719001
8	17	9.68041791884
8	25	8.34345195669
8	18	11.0967993801
8	16	8.9064101728
8	28	12.3110291139
8	29	10.5295952452
8	1	9.27460209159
8	9	10.0873702312
