11	19	4.07059710476
11	18	3.63717699266
11	27	3.61521914416
10	13	2.88530408939
10	27	6.30637180656
10	14	2.6107855885
10	18	3.97591641899
10	38	7.66796535558
10	5	3.42370178499
10	7	5.89368282542
10	6	3.84062514425
10	9	4.10859417287
10	8	5.47742099663
13	10	2.83567854869
13	27	2.81935411775
13	14	3.37460134356
13	18	3.3733571782
13	1	3.78282365401
13	38	3.0892848991
13	5	3.64533568263
13	7	3.01455312651
13	6	2.40564820679
13	9	2.87658980667
13	8	2.53802239709
27	11	3.56847826258
27	10	7.26273993089
27	13	3.28011082829
27	38	4.9288856936
27	14	2.4494203539
27	18	3.66958722637
27	1	3.41953255141
27	5	4.21089054721
27	7	3.56868424674
27	6	3.42860064362
27	9	2.87705412387
27	8	4.79114856919
14	10	2.27795027783
14	13	3.37407450985
14	27	2.26953413114
14	1	2.82844698358
14	38	2.26905412848
14	5	3.36616071098
14	7	2.74672612043
14	6	2.26894809657
14	8	2.40125287514
19	13	3.23844181472
19	27	2.9601635481
18	11	3.56668596065
18	10	4.5845076915
18	27	4.03303530072
18	1	3.23786971845
18	38	2.80151611518
18	5	4.59525616238
18	7	5.33719275229
18	6	2.25573350473
18	9	3.00987967121
1	10	3.15466477629
1	13	2.89176036988
1	27	3.29013299122
1	18	3.43756845266
1	38	3.28883139379
1	5	6.57801277492
1	9	3.1560403303
38	11	3.57340837151
38	10	6.99264252024
38	13	3.25925302411
38	27	4.25553891882
38	14	2.43819973159
38	19	3.16515566784
38	1	3.41926136885
38	5	2.57414559046
38	7	5.07435447214
38	8	5.07593473849
5	10	3.35105302827
5	13	3.64254840861
5	27	5.25119373895
5	14	3.36383277524
5	18	5.13592380148
5	1	7.33747657092
5	7	3.97188280503
5	6	3.06406278414
5	9	3.28470983695
5	8	3.88312210771
7	10	7.75381765402
7	13	2.96872090643
7	27	3.50888661998
7	14	2.83101271146
7	18	4.60158664752
7	38	4.0499726292
7	6	2.53990959998
7	9	3.81371308668
7	8	4.31338017123
6	10	3.86388699979
6	13	2.72563472398
6	27	3.3138884105
6	14	2.45146513568
6	18	2.72387478339
6	38	3.86029832247
6	5	2.71959142933
6	7	2.48821704191
9	10	4.44308810548
9	38	3.20886652591
9	27	3.07098139078
9	7	3.67343405123
9	6	2.93363592105
9	8	2.79463110401
8	10	5.36384073491
8	13	2.58165831541
8	27	3.8542698432
8	14	2.44363136031
8	18	3.26200336926
8	38	6.0391233635
8	5	4.21775995167
8	7	5.9104760721
8	9	2.89843348694
