11	39	2.16589167071
11	12	2.05102818343
11	14	2.05102818343
11	17	2.85886258699
11	23	2.84713456447
11	19	2.66709346449
11	18	1.3417071957
11	16	0.892318099419
11	34	1.96773135456
11	3	2.11224206847
11	4	0.644693871334
11	6	1.83747253404
13	11	1.48975235631
13	39	1.75638596192
13	34	2.0682222376
13	3	0.991570088088
13	4	0.661887925508
13	6	1.57020007957
12	11	1.4858760286
12	17	0.88091475299
12	23	1.21258966456
12	19	0.772442459353
12	18	1.35502492217
12	34	2.0643459099
12	6	1.56632375187
14	19	0.772442459353
14	39	1.75250963422
14	16	0.277766383156
17	11	2.27809152238
17	39	1.83355885639
17	12	2.00316187775
17	23	2.37256849584
17	19	4.26708978519
17	18	2.28947367026
17	16	3.34571394604
17	34	2.00316187775
17	3	2.9177752887
17	4	1.73469360021
17	6	2.21630599132
23	11	2.32446263325
23	39	2.16439647591
23	12	1.68176965113
23	17	1.57726810333
23	16	0.83188647917
23	19	1.611029064
23	18	1.3402120009
23	34	1.76506647999
23	6	1.5515108306
19	11	3.91086387618
19	39	1.84282898724
19	12	2.0124320086
19	17	4.81153197263
19	23	2.80853838964
19	18	2.01427729246
19	16	1.7071214505
19	34	1.92913517973
19	3	5.06054423434
19	4	1.74396373105
19	6	1.79887635921
18	11	1.30358154451
18	39	1.48691832125
18	12	1.8820514258
18	14	1.8820514258
18	17	1.97871955776
18	23	1.11359200933
18	19	2.72364679004
18	16	2.6556704768
18	34	1.8820514258
18	4	4.23271815145
18	6	1.3007324389
16	11	1.71108712577
16	39	2.77218383185
16	12	2.37285383593
16	17	6.1675865802
16	23	3.59565997993
16	19	4.55348491451
16	3	3.71416700984
16	4	4.3801176275
16	6	2.01706493222
39	11	2.34820705606
39	13	1.92607015645
39	14	1.93104415711
39	17	1.17431276316
39	23	1.30481799496
39	19	0.923607215205
39	16	0.855630901965
39	34	1.93104415711
39	3	0.771095178726
39	4	0.868112779104
39	6	1.49195842453
34	11	1.40257919974
34	13	2.05937190924
34	12	2.0643459099
34	17	0.88091475299
34	19	0.689145630486
34	18	1.35502492217
34	39	1.75250963422
34	4	0.6580115978
34	6	1.56632375187
3	11	2.21668715643
3	19	3.49451914765
3	12	1.79952425749
3	17	5.8787235104
3	16	2.14644354554
4	11	1.1543452302
4	13	2.01230761947
4	12	1.7328151115
4	17	1.11831697187
4	16	4.21323321433
4	19	2.85887698438
4	18	6.91399397631
4	39	3.1867143131
4	34	1.7328151115
4	6	3.00052843075
6	11	1.69934807858
6	13	1.98837745057
6	17	1.66331982024
6	16	0.633471687452
6	19	1.55484752661
6	18	1.20073363464
6	39	1.59821834669
6	34	1.99335145123
6	3	2.39796827036
6	4	2.35275261642
