11	9	0.649326278281
11	17	1.16906030694
13	11	0.755239643994
13	17	0.821361178103
13	44	3.56472161596
13	30	1.5528489605
13	28	2.38357524598
13	29	1.88269760248
13	8	0.93990751515
20	17	2.16336887568
20	33	2.80546687915
20	29	2.00312223611
20	5	0.906130809471
20	9	0.218520950159
20	8	1.06031948431
17	13	1.53212116154
17	33	4.80617604909
17	44	1.93490161731
17	30	1.06528115686
17	28	2.419158453
17	29	1.66225345256
17	5	1.88899234107
17	8	1.02503294253
33	13	1.08653359087
33	20	3.75306936002
33	21	0.396533726262
33	17	3.83582896399
33	44	2.81239367721
33	30	2.12416275221
33	28	1.63148130617
33	29	1.53788586782
33	5	4.19187913644
33	7	0.428948554777
33	9	1.22793481603
33	8	2.32577695562
44	13	2.88436931762
44	20	1.27537668931
44	17	2.78333873983
44	33	2.39178089408
44	30	3.61649082794
44	28	2.81824123311
44	29	1.40149256503
44	5	4.25906717699
44	9	0.684181461497
44	8	1.27305350057
30	13	1.59061890648
30	33	2.11600804223
30	44	3.41847466169
30	28	0.984247695065
30	5	5.51052847626
30	9	1.0898484459
30	8	1.2307720899
28	13	2.86873853334
28	20	2.42680752315
28	17	2.40788755794
28	44	2.15152153813
28	30	0.722399996364
28	29	2.04420296936
28	9	1.49864449065
28	8	0.897851625684
29	13	1.67383616102
29	20	1.88141994261
29	17	1.35340437185
29	33	1.69023811129
29	44	0.651231822764
29	28	2.15396664408
29	9	1.44501919244
29	8	1.37012629231
5	13	1.51620488674
5	17	1.82218632012
5	33	7.84434370449
5	44	3.85346599723
5	30	4.18288493394
5	9	1.04661441551
5	8	1.2280853956
7	33	0.641823096756
7	5	0.77847678671
9	17	0.448456734423
9	44	0.497377497701
9	28	1.36784264756
9	29	1.40804353401
9	7	0.674320898156
9	8	0.465254819166
8	13	1.35551975403
8	20	1.56318983797
8	17	1.03517380888
8	33	1.98297043636
8	44	2.06387303753
8	30	0.889312013019
8	28	0.817943285256
8	29	1.68928294164
8	5	1.10191885768
8	7	0.837015772153
8	9	0.618059708896
