10	20	7.32375719621
10	14	4.64589692756
10	17	3.62376162976
10	2	1.48164562511
10	5	2.45551795764
10	7	3.03994360071
10	9	2.81194923544
20	10	8.37652396365
20	14	8.0849348732
20	23	2.17570305009
20	19	0.927672934454
20	7	2.68101812752
20	9	2.10543009804
20	8	4.72582155215
14	10	5.61795441166
14	20	9.17097152946
14	17	1.52846551789
14	18	0.992201567534
14	3	1.86863508595
14	5	2.25915628291
14	7	1.96716374066
14	9	1.00893906612
14	8	4.45002783138
17	10	2.63623250007
17	20	2.09903386517
17	14	1.46787692214
17	23	1.07676457546
17	7	1.76003169186
17	9	1.53235074876
23	10	1.25859934049
23	20	3.82106829247
23	5	0.966585839927
23	7	1.55091691658
23	9	1.12242028715
23	8	1.69701792237
19	9	0.751363770354
19	8	0.751528743643
18	8	0.897403412286
18	7	0.897656544687
18	23	1.26884577384
1	9	1.06181131958
1	8	0.917901863186
1	20	1.95096110952
1	19	0.768885064462
3	9	1.46342032234
3	17	1.30772057051
3	23	1.38704127022
2	3	2.84610271295
2	17	1.16011813474
2	14	2.18260152097
2	7	1.30679903602
5	10	2.64327628963
5	20	2.10625985266
5	14	2.35154875385
5	17	1.47535057008
5	23	1.22985064159
5	1	0.792673428669
5	7	1.4757788016
5	9	0.810303656937
7	10	3.05855933363
7	20	2.2283012558
7	14	1.59831210703
7	3	1.93617256375
7	5	1.45242006525
7	9	1.37082447696
7	8	1.74451827186
9	10	3.13353991402
9	20	1.22235963182
9	14	0.9430862883
9	19	0.780306393733
9	18	0.784364645819
9	3	1.07662792656
8	10	3.66693832577
8	20	5.17298422833
8	14	3.2289437282
8	19	0.937893909701
8	5	1.76848485806
8	7	2.06069368387
