10	25	3.00916165893
10	13	3.87352953122
10	17	1.82888937299
10	19	2.69899719065
10	18	2.12111001112
10	31	1.53088304647
10	3	3.28364549454
10	9	2.71710303741
13	10	4.80701862481
13	27	2.32546593329
13	17	4.95508114354
13	25	2.76240794152
13	19	2.3931319755
13	18	2.03399800917
13	31	0.787101010698
13	28	1.30362397611
13	1	2.00516801922
13	3	5.4612492498
13	7	2.2481896855
13	9	2.17808799293
27	13	2.42095208412
27	17	4.61194839174
27	18	7.82616402774
27	31	0.736711255526
27	28	1.25388366584
27	1	2.10110788103
27	3	8.18631405858
27	7	3.36744359461
27	9	2.27295729272
17	10	3.18569052359
17	13	3.4805562065
17	27	6.84012821882
17	25	1.28713434868
17	19	2.52712250443
17	18	8.00851373421
17	31	2.08900369056
17	28	1.2902031596
17	1	6.66535252089
17	3	7.78522753177
17	7	3.54980945401
17	9	3.47784400122
25	10	2.06460080779
25	13	2.05239516353
25	27	1.32221226745
25	17	0.738152664842
25	19	2.0462317895
25	18	1.76057853349
25	31	0.585791505074
25	3	1.3161926667
25	7	0.732280214043
19	10	2.79872063809
19	13	2.28179254866
19	27	4.32657088326
19	17	1.84389441578
19	25	2.06883976542
19	18	3.88866504989
19	31	2.72277945939
19	3	4.03770862235
19	7	3.01555244143
18	25	1.88507233144
18	27	8.6057456527
18	19	5.31534475656
18	31	5.16978556956
18	28	1.30311503198
18	3	6.92292268015
18	7	7.36199334981
31	10	2.34456183905
31	13	0.804885505264
31	27	0.659149859747
31	17	1.38953111423
31	25	0.884140804402
31	19	3.87500638287
31	18	3.14261176307
31	3	1.39227203102
31	7	3.87573669983
31	9	1.61452942295
28	1	0.55129175816
28	18	1.16205954346
28	27	1.16217101391
28	9	0.576381438543
28	17	1.16226365677
1	10	0.988555670966
1	13	2.46990055242
1	27	2.4708325617
1	17	6.70674192389
1	19	0.552997402111
1	18	3.93191230844
1	28	0.57288122633
1	3	2.01372719926
1	7	0.699341528737
3	10	5.72236433141
3	13	6.37367984639
3	27	8.2734646547
3	17	6.52134899652
3	25	2.65559685843
3	19	6.23131104416
3	18	8.12819582176
3	31	1.55812574282
3	1	2.18797972291
3	7	4.33341310625
7	10	2.77557705456
7	13	1.96770246709
7	27	2.99030627183
7	25	1.0231545026
7	19	3.57711906149
7	18	5.1812355267
7	31	2.40932640561
7	28	0.653596888596
7	1	0.847382696033
7	3	4.01625965706
7	9	1.75338072901
9	13	1.18209250714
9	7	1.03040285482
