11	20	2.07444417405
11	17	0.243136590668
11	19	1.85277914176
11	36	1.16632235251
11	33	1.66079095364
11	7	2.03530260509
25	9	1.539602658
25	34	2.96157153188
39	20	0.764923379063
39	17	0.0741994922471
39	33	1.32781110438
39	34	0.856719106749
39	7	0.814558259719
39	9	0.561823781043
20	11	2.3216664131
20	25	3.30871942072
20	39	0.913663917218
20	17	2.1924612777
20	19	3.09189223189
20	36	2.03681949581
20	34	3.33008669065
20	1	0.429587283918
20	33	5.66548413013
20	7	2.48893779711
20	6	1.43721538644
20	9	1.52599172154
17	39	0.234012775282
17	20	3.00252206909
17	19	3.41580233247
17	34	0.342247858801
17	1	1.80530463145
17	33	2.7664217479
17	7	0.921522159057
17	6	1.6723490374
17	9	0.415968479936
19	1	0.912555244593
19	11	2.44952857532
19	20	3.17509007758
19	33	2.14000170988
19	6	1.04592899938
36	33	1.73795715524
36	39	0.625971376414
36	20	1.88528102682
34	25	3.01131738947
34	39	0.616261885969
34	20	3.11844183094
34	17	0.11953025421
34	33	4.21398825393
34	1	0.57606750073
34	9	1.40614258952
1	39	0.243289083404
1	20	0.881163586523
1	17	1.35804369305
1	34	1.50561801188
1	7	0.575692668729
1	6	0.957903600237
33	11	1.32380601715
33	39	1.06989736623
33	20	5.70271210189
33	17	1.63848312982
33	19	0.939937990989
33	36	2.28182939443
33	34	4.37408463578
33	7	1.93495964922
33	6	1.41589593622
33	9	1.68222517055
7	11	2.09094195181
7	39	0.771715905547
7	20	3.54022519935
7	19	1.97340327449
7	33	2.15003103321
7	6	0.851385126704
7	9	1.29526726025
6	11	0.818131166062
6	39	0.639488816364
6	20	1.27736331948
6	17	0.70243617906
6	19	1.06920843558
6	36	0.622060698389
6	34	1.10282969833
6	1	0.257698781067
6	33	1.57392169597
6	7	0.883115952077
9	11	1.32510702851
9	33	1.8898345108
9	20	1.06061743664
9	7	1.19902876691
9	34	0.619754466654
