25	13	3.51153191062
25	12	3.06625219985
13	25	3.08382057972
13	12	3.95366701884
13	15	3.65035313277
13	22	3.06660713486
13	33	1.90923764498
13	36	1.14463738489
13	3	2.190507258
13	7	2.78585422817
13	9	2.93235331045
12	13	4.2248990818
12	15	4.89072275402
12	22	9.71145762334
12	33	4.62529628068
12	36	1.11883110084
12	3	2.11699746371
12	4	3.72365403355
12	9	4.47930799831
15	13	4.07967221296
15	12	5.78289152759
15	33	9.43463767352
15	32	2.11560266101
15	31	1.12905642048
15	40	1.14093793568
15	3	3.28434899411
15	9	3.88474152962
22	25	2.77676144844
22	13	3.21536144472
22	12	6.96366364573
22	33	3.31294750304
22	31	1.14060280893
22	36	1.14071974808
22	3	2.4193413713
22	4	2.27349494746
22	7	2.58264226238
22	9	2.14467526123
33	25	2.97965421808
33	13	3.41846431595
33	12	6.00827991823
33	15	8.02771117503
33	22	4.0846151892
33	32	3.64655603284
33	31	1.04312587375
33	40	1.05301015407
33	4	5.25338368905
33	9	5.13215264692
32	13	1.30515799281
32	12	1.11018468244
32	22	2.69983764551
32	33	3.44711537349
32	31	0.98382343596
32	36	0.98405430668
32	40	0.994922695003
32	3	1.53137155198
32	4	1.53147270172
32	7	1.11013244239
32	9	1.84057178911
31	13	0.965600859763
31	15	0.966176790049
31	33	0.965484979254
31	32	0.966866151414
31	40	0.965714626445
31	3	0.966979690346
31	4	0.967209001989
31	9	0.965943812368
36	13	0.965943434588
36	12	0.966058112146
36	15	0.967320572105
36	3	0.967777858597
36	7	0.966171910146
36	9	0.966515253229
40	12	0.979690711658
40	15	0.975678749483
40	22	0.975791381465
40	33	0.979909172909
40	32	0.975900093521
40	31	0.965483342782
40	36	0.965712030579
40	4	0.976117161654
3	13	1.45048194386
3	12	2.71516052897
3	15	2.55258108956
3	22	2.11452794667
3	31	0.983641350901
3	36	0.983982517712
3	4	6.64213924325
3	7	1.25460244979
3	9	1.83889760586
4	13	3.71125725697
4	12	4.5381464137
4	22	2.91508707686
4	33	4.83024727883
4	31	1.05408011987
4	36	1.05430670255
4	40	1.06430625059
4	3	5.39806862965
4	7	2.20125846505
7	9	2.48019049021
7	31	1.02249879578
7	15	2.74730255967
7	3	1.14083302418
7	22	2.60143530237
9	13	2.97910474833
9	12	4.39881563718
9	15	4.66647843309
9	22	2.76827274682
9	33	4.3989129288
9	31	1.04281077458
9	36	1.04314894438
9	3	1.89188496611
9	4	2.62232280587
9	7	2.64632476815
