11	10	2.07027047815
11	15	0.804753471781
11	21	1.10689696439
11	17	1.92446940554
11	23	0.549929659415
11	29	0.658877841055
11	4	0.951072219064
11	6	1.54516874797
11	8	1.54555323352
11	25	2.12008109999
10	11	1.39812732782
10	25	1.383305025
10	15	1.09130892814
10	17	3.01156289656
10	23	0.623436462575
10	29	2.84410103793
10	6	2.12870784983
10	8	4.46573058684
15	11	0.910164557376
15	10	0.837834781939
15	21	0.618296271779
15	17	0.691970415185
15	23	0.506924922823
15	16	0.618482076263
15	29	1.05654847078
15	1	0.520726759249
15	4	1.34921404348
15	6	0.618588101602
15	8	0.619220922834
15	25	1.35030384531
21	11	1.0641393982
21	10	1.00505422634
21	15	0.61623070464
21	17	0.567157537755
21	23	0.508381121103
21	16	1.064416159
21	4	0.908448666107
21	8	1.06510947599
21	25	0.616466158896
17	11	1.22385934495
17	25	1.06274413825
17	21	0.639849912278
17	23	0.595241737082
17	6	1.2243497268
17	8	1.51685596583
17	10	3.27506135547
23	11	0.506476958191
23	25	0.506259260187
23	15	0.506585496434
23	21	0.50691126256
23	16	0.507128302406
23	29	0.507127457965
23	20	0.506367479704
23	4	0.507343748797
23	6	0.507667887301
23	8	0.508747300505
16	25	0.615806073297
16	20	0.566778430949
16	21	1.06483703623
16	17	0.566835729919
16	23	0.509456822094
16	4	0.615706503987
16	8	1.0651378301
29	11	0.648437088606
29	10	1.74507004938
29	15	1.08854169648
29	23	0.538344916409
29	4	1.9649277956
29	6	2.83929103417
29	8	3.42393690614
20	11	0.705748936244
20	25	0.543922825479
20	21	0.559889175642
20	17	1.58803754649
20	16	0.5599808575
20	4	0.544004848481
20	8	1.29052634997
1	10	0.526901641719
1	15	0.544458733006
1	4	4.78004258937
1	21	0.527756370293
4	11	1.32071570992
4	10	2.56293991106
4	15	1.32308032583
4	21	0.8825993294
4	23	0.626399596101
4	16	0.73701783673
4	29	1.61529483962
4	1	4.14492741189
4	25	4.68268170875
4	6	4.38869742659
4	8	4.24334368983
6	11	1.73842664417
6	10	3.2854021276
6	15	0.704507080707
6	21	1.15453455794
6	17	2.40909337088
6	23	0.599993009635
6	29	3.04160127591
6	4	3.77220699695
6	8	3.63821441728
6	25	2.1659720858
8	11	2.00583654645
8	10	5.74243508403
8	15	0.680313993831
8	21	1.1296881783
8	17	2.09130753672
8	23	0.574484115879
8	16	1.13021736808
8	29	3.45573844144
8	4	5.06307668795
8	6	3.46757874606
8	20	1.21500921681
8	25	1.12057888843
25	11	1.96593088659
25	10	1.74680527027
25	15	1.9670855462
25	21	0.651598968381
25	23	0.542090333851
25	16	0.651640896523
25	29	2.69727255586
25	1	2.01490574371
25	4	3.72024751596
25	6	2.55081884118
25	8	1.09081667296
