10	26	0.5293968289
10	21	2.50344838498
10	22	1.35565031914
10	7	0.427389996695
10	6	0.832014630594
10	8	1.36936770145
26	10	0.959441720749
26	21	2.02245264543
26	22	3.69663607858
26	16	0.743402502995
26	1	1.38894712194
26	3	1.38003373946
26	4	2.90973938776
26	7	0.836211854195
26	6	1.50784816455
26	8	2.31221291346
26	25	1.7873676116
26	14	0.668830697149
21	10	2.48698614417
21	26	1.47433443345
21	22	1.67779674725
21	16	1.2921192339
21	4	1.69159277289
21	7	2.48684779753
21	6	1.64556394932
21	8	1.73791806248
22	10	1.39374434942
22	26	2.05882229802
22	21	2.01135734497
22	16	1.53386691833
22	1	0.665941668541
22	25	1.42023165687
22	7	3.31782021541
22	6	2.38737245246
22	8	3.72589344077
16	8	0.930064315384
16	5	0.997676615278
16	22	0.471495060975
16	7	0.522524790127
16	10	1.34936523335
1	10	1.84494780322
1	26	2.04736307292
1	22	0.826372702698
1	5	0.907653138595
1	4	2.5313507755
1	7	0.20122045186
1	6	0.694925242982
3	6	0.927291760952
5	14	0.621989038252
5	16	1.67608115607
5	1	0.808065575863
5	4	3.21858543369
5	7	1.67985016345
5	6	1.63975404317
5	8	1.46514324432
4	10	0.83813906147
4	26	3.90613140227
4	22	0.994171295007
4	1	2.246480082
4	5	5.43733978165
4	7	0.893182459811
4	6	3.52298793223
4	8	1.4791051025
7	10	1.08144827366
7	26	0.868904514182
7	21	1.64348855274
7	22	1.78427655094
7	16	1.39958987048
7	3	0.891755305824
7	5	1.33161314019
7	4	0.997241106506
7	6	0.950681201629
7	8	1.84410388692
7	25	1.05223281966
6	10	0.98665164865
6	26	2.19893831679
6	22	2.49123507054
6	16	0.948606960082
6	5	1.5935728885
6	4	2.59442823835
6	7	2.32045502221
6	8	2.37248518379
6	25	1.84768978735
8	10	1.67019981354
8	26	1.10273052496
8	21	2.14318751186
8	22	3.08614616078
8	16	1.00924398304
8	5	1.38721900738
8	4	1.40876509104
8	7	0.956966675624
8	6	2.3407144577
25	26	2.14969866166
25	14	0.618077449907
25	16	0.809866173061
25	7	1.02479249762
25	6	1.69647845488
25	21	2.47820021719
14	26	0.574972177742
