11	25	-2.93692466774
11	26	-1.70597148269
11	21	-0.886084535434
11	16	-1.11750353516
11	42	-2.11782890506
11	7	-2.257057776
25	11	-2.84655618862
25	26	-0.385500192882
25	15	-0.490502515733
25	21	0.054756946219
25	16	-1.65955139567
25	42	1.00968224915
25	3	-2.57548951061
25	4	-1.62005262827
25	7	-1.18014107953
25	8	-0.496929623642
26	11	-1.70765461458
26	25	-1.01994038059
26	21	-0.747032426896
26	16	-1.66463385371
26	18	-2.11491817101
26	42	-0.201496593508
26	1	-0.764624164614
26	3	-1.29708434259
26	4	1.43676371347
26	7	-1.56888439881
26	8	-0.475412314917
15	25	-1.17738247812
15	26	-2.16334101263
15	21	-0.496144828647
15	16	-1.1113590084
15	18	-0.769876766401
15	42	0.184512164116
15	3	0.023041675652
15	7	-0.910198539057
15	14	-1.9145888551
21	11	-1.07292917638
21	25	-0.636906604428
21	15	-0.637491217966
21	14	-1.91535946917
21	16	-0.981438985134
21	18	-1.72990422376
21	42	3.59967250009
21	3	-2.30217475267
21	7	1.00004250277
21	8	-1.32837066241
16	11	-1.31761990954
16	15	-1.75479642401
16	21	-0.117308665892
16	42	-0.529769697086
16	7	-1.07826343499
16	8	-1.6282063745
16	14	-1.91380821741
18	11	-2.84580026232
18	25	-2.0097625506
18	26	-2.57259916296
18	21	-2.14749282888
42	11	-1.06978723889
42	25	0.311868312182
42	26	-0.66122480533
42	15	-0.783195749442
42	21	3.45292217622
42	16	-0.705543363484
42	1	-1.79230488354
42	3	-2.57669137839
42	4	0.841705922355
42	7	0.307596196511
42	8	-0.65202382236
1	25	-1.67150713811
1	26	0.306059738492
1	15	-1.26197183224
1	21	-1.80976949817
1	16	-1.93587095687
1	18	-1.94728018387
1	3	-0.927691687682
1	4	1.12222904142
1	7	-1.40246900592
3	25	-2.50654521808
3	15	0.908266082808
3	21	-2.64810452067
3	16	-1.93621386428
3	18	-2.3747049669
3	42	-2.51445656147
3	1	-1.85952706095
3	4	0.220378286207
3	7	-2.78821566937
3	8	-2.38151278701
3	14	-1.91681841568
4	11	-1.55724988449
4	25	-1.97253852369
4	26	2.95347047916
4	15	-0.604890038056
4	21	-1.97308894776
4	18	-2.52072503808
4	42	0.760337382208
4	3	1.17274023586
4	7	-1.42762398908
4	8	-1.70173811609
7	11	-2.15601754664
7	25	-1.4611244329
7	26	-1.7457627604
7	15	-1.19026060228
7	21	-0.646621891684
7	16	-0.156586809625
7	1	-1.65602949028
7	3	-2.01757286115
7	4	-1.47174228383
7	14	-1.91604136395
8	25	-0.372576134992
8	3	-1.75026844624
8	42	0.17442392512
8	21	-0.64726772978
8	16	-1.52533238902
14	18	-1.91378924721
14	3	-1.91453660757
14	15	-1.91453637496
