11	10	2.71696032189
11	38	1.41262378062
11	21	1.20642064426
11	27	1.54273110007
11	6	0.899232459001
11	8	1.42599610948
10	11	1.53875932573
10	13	1.17377094912
10	27	2.4346240603
10	18	1.47521366229
10	38	2.34861575774
10	7	2.14487070074
10	8	1.96509693456
13	11	1.11442195103
13	10	2.13355116558
13	27	1.53260916338
13	21	1.69187052524
13	38	1.09380872567
13	7	1.23544414021
13	6	1.10960560677
13	9	1.41481541445
13	8	1.23947810521
27	11	1.41196852782
27	10	3.43796346733
27	13	1.39977228636
27	38	1.56033970644
27	21	2.09804625055
27	18	1.48071991507
27	1	0.732644315799
27	5	1.63074219084
27	7	1.48889170011
27	9	1.49186690678
27	8	1.83830613666
21	10	2.50906025664
21	13	1.4573036859
21	27	2.12861333891
21	14	1.1165580254
21	18	1.22955819635
21	1	1.55339239878
21	5	2.57025392825
21	7	1.3904581468
21	9	1.34933433658
21	8	1.52678916249
18	10	2.67046129947
18	27	1.89312322969
18	38	0.969233606158
18	5	1.58508053184
18	7	1.94875034167
18	6	1.02912950415
18	9	1.42253734561
1	11	0.986941876434
1	13	0.985811843995
1	21	1.90458089265
1	18	1.1108584896
1	5	2.09876208635
1	9	1.24323632296
38	10	3.25036540879
38	13	1.30037226161
38	27	1.76744306872
38	21	1.29306195551
38	7	1.8745808612
38	6	1.16804344454
38	8	1.8271041457
5	11	1.28686545998
5	10	2.17369762385
5	13	1.25423810379
5	27	2.19014185816
5	21	2.61399732137
5	18	1.68797786765
5	1	1.96771305318
5	38	0.869361082582
5	6	1.19385108194
5	8	1.54421866484
5	14	1.08988851086
7	10	3.48091285049
7	38	1.16229892067
7	18	1.52944290496
7	27	1.51290132459
7	9	1.41500825773
7	8	1.57256240157
6	11	1.10498122119
6	8	1.31082374556
6	38	1.25335239981
6	27	1.60395480373
6	18	1.21783162533
9	10	2.45311525413
9	13	1.17038096707
9	27	1.41118308299
9	7	1.17801775879
9	38	0.928283628388
8	10	2.74912830684
8	13	1.10782827791
8	38	1.84168291761
8	21	1.58560715763
8	18	1.27697394041
8	7	2.16712606333
8	6	1.10779651152
8	9	1.4204179828
14	18	1.29722715731
14	6	1.11179348986
