24	10	3.43466741853
24	27	5.16426442302
24	14	5.29537986427
24	17	4.64981300886
24	23	7.10694423001
24	32	5.18062956863
24	30	3.47726557722
24	22	2.75054926922
24	2	3.67250525513
24	5	4.35180184649
24	9	3.57040425392
10	24	3.25242089901
10	27	4.7560311036
10	14	4.61700829582
10	22	4.38351640291
10	23	4.56057010773
10	32	3.73617802494
10	17	3.87064382693
10	9	4.92985079705
27	24	4.21310250044
27	14	5.98974806893
27	23	7.36368337955
14	24	4.8921215718
14	10	5.75580727756
14	27	6.53304491011
14	17	11.4609484827
14	22	4.52353811243
14	32	6.12202275598
14	2	3.11012112604
14	5	2.42441823722
14	9	6.29798415876
17	24	3.34357641948
17	10	4.83148003412
17	27	8.53875682928
17	14	10.8562039298
17	22	4.96261921956
17	32	9.52260545728
17	30	3.68412992714
17	2	4.73004858226
17	5	3.90680358684
17	9	6.05282162584
23	24	6.07282136089
23	10	4.68458334347
23	22	3.58825734716
23	32	4.59077288688
23	5	5.40866344076
23	9	3.99572847652
32	24	4.01437949197
32	10	3.58291363764
32	27	4.01439826021
32	14	4.83005412813
32	17	12.6530984051
32	23	4.44482430981
32	30	5.32481201058
32	22	3.16896643663
32	2	8.40250922096
32	5	7.84562316056
30	9	3.3457824048
30	2	4.35119065249
30	5	4.07393000294
30	22	3.20827462463
30	17	5.16578937079
22	24	2.84498123845
22	10	4.10973932658
22	14	3.39137425932
22	17	4.55799420839
22	23	3.87345665839
22	32	3.05215890283
22	2	3.1881844519
22	5	3.18744979519
2	24	4.56136047035
2	10	3.16889109098
2	14	4.27986910619
2	17	4.69556331389
2	32	8.51969273707
2	30	3.41025058931
2	5	3.1785382244
2	9	3.03152540695
5	24	4.27982866986
5	14	2.77367566084
5	23	6.45755727358
5	32	6.58539201332
5	30	5.04983565505
5	2	3.15910160582
5	9	2.89554592621
9	24	4.76176176956
9	10	4.79389897938
9	14	5.03177438536
9	17	6.33284940058
9	23	3.59692193556
9	32	3.73224566457
9	5	3.32052852926
