11	26	1.27946857671
11	16	1.43477251855
11	99	1.29903634905
11	3	0.457243239442
11	6	0.9082610421
11	8	0.843437445239
26	11	1.3168671993
26	12	1.21240584045
26	15	1.68088678867
26	16	1.89658221177
26	36	1.49872606734
26	99	1.48314271761
26	5	1.99151158625
26	4	1.82308863201
26	6	1.53736296796
26	8	2.0915206319
12	26	1.18844266816
12	36	0.778598232919
12	99	0.746285659929
12	3	0.58369723333
12	5	0.792929747995
12	4	1.15984193823
12	8	0.63530697383
15	11	1.00045098341
15	26	1.7761757426
15	16	1.70730631115
15	99	1.28383106457
15	3	0.786658172678
15	5	1.38066282243
15	6	1.61575463958
15	8	1.45055570313
16	11	1.3640076561
16	26	1.82187717326
16	12	0.858044938895
16	15	1.73806299788
16	36	1.65627761615
16	99	1.2960740487
16	3	1.04983950578
16	2	2.26536458397
16	5	1.3761765833
16	4	1.4252335315
16	6	1.87893597268
16	8	1.86430004562
36	26	1.48534336364
36	99	1.12683247174
36	3	0.629659579842
36	5	1.20693500633
36	4	1.13888739168
36	7	1.1357948972
36	6	1.39183915369
99	11	1.31985642189
99	26	1.41637649807
99	12	0.670024166146
99	15	1.28906812374
99	16	1.25382519787
99	36	1.15709507221
99	5	1.08778047096
99	7	1.51182358893
99	8	0.997074589856
3	11	0.493523083305
3	12	0.740375413021
3	15	0.974647235524
3	16	1.20707188189
3	36	0.72556962114
3	99	0.726715494678
3	5	1.65331494494
3	4	1.50162121396
3	7	0.685490250345
3	6	0.998415647472
3	8	0.749570594699
2	15	1.55160370999
5	26	2.46753912711
5	12	0.707397646882
5	15	1.29298315795
5	36	1.24465622274
5	99	1.16215597996
5	3	1.36091699434
5	4	1.58574801068
5	6	1.06581322092
5	8	1.13482341018
4	11	0.912713387742
4	26	1.93268302506
4	12	0.824981252161
4	16	1.42551150715
4	36	1.11130147905
4	99	1.04553045953
4	3	1.71270972532
4	5	1.5371701049
4	8	0.984739443222
7	11	1.20334370541
7	5	1.12183076387
7	36	1.12422847206
6	11	0.854592442598
6	26	1.61358797852
6	12	0.750131083751
6	15	1.66360758927
6	16	1.87930301237
6	99	1.02086796091
6	3	0.891737980842
6	5	1.18461661183
6	4	1.15002744371
6	8	1.45526017171
8	26	1.6481672246
8	15	1.51416537943
8	16	1.93061148171
8	99	1.03871798372
8	3	0.625191208149
8	5	1.06863284852
8	4	1.01731445714
8	6	1.60485068444
