24	13	-0.19742767786
24	21	-2.46534005859
24	23	0.558543115718
24	28	0.305457998317
24	26	-2.17844603772
24	2	-1.31447941649
24	4	-2.35734423093
24	7	-0.305423505509
10	24	0.450547288064
10	21	-0.234521139954
10	22	-1.09848776118
10	23	0.558543115718
10	19	-0.413419333165
10	18	0.450547288064
10	28	-0.413419333165
10	2	-2.24934840327
10	4	-3.04241265895
10	7	0.197462170663
13	24	-0.19742767786
13	26	0.126559805103
13	21	0.342551460411
13	28	0.450547288064
13	2	0.234555632757
13	4	0.234555632757
21	24	-2.14135257563
21	10	-2.71842517599
21	13	0.558543115718
21	22	-1.20648358884
21	23	0.558543115718
21	19	-0.305423505509
21	28	-0.737406816126
21	26	-3.43730250747
21	2	-1.70936926501
21	4	-5.52631669498
21	7	-0.450512795259
21	8	-0.77450027822
22	24	-0.19742767786
22	10	-1.85445855476
22	21	-1.20648358884
22	19	0.558543115718
22	28	0.0185639774497
22	2	-2.35734423093
22	4	-1.5304710718
22	7	0.305457998317
23	8	0.558543115718
19	10	-0.413419333165
19	26	0.342551460411
19	21	-0.19742767786
19	22	0.234555632757
19	2	0.0185639774497
19	4	-0.845402643782
19	7	0.450547288064
18	10	0.558543115718
28	24	0.737441308931
28	10	-1.06139429909
28	26	-0.342516967603
28	21	0.0185639774497
28	22	-0.19742767786
28	19	0.342551460411
28	4	-1.27738595439
26	24	-1.85445855476
26	10	-0.737406816126
26	13	0.0185639774497
26	21	-4.73325243931
26	28	-0.126525312298
26	4	-3.86928581808
26	7	-0.62941098847
2	24	-1.85445855476
2	10	-2.24934840327
2	21	-1.38538178205
2	19	0.0185639774497
2	4	-3.43730250747
2	7	0.126559805103
4	24	-0.737406816126
4	10	-4.87834172906
4	13	0.342551460411
4	21	-6.06629583327
4	22	-2.82642100364
4	19	-1.81736509266
4	28	-1.38538178205
4	26	-1.38538178205
4	2	-3.43730250747
4	7	-0.126525312298
7	24	-0.413419333165
7	10	0.629445481278
7	26	0.234555632757
7	21	-0.450512795259
7	22	0.197462170663
7	19	0.342551460411
7	2	-0.305423505509
7	4	-0.342516967603
8	26	0.0185639774497
8	28	-0.0894318502041
