10	26	0.623518940001
10	15	0.463559101001
10	23	0.0248521034057
10	19	-1.73856279578
10	37	-0.771744593278
10	33	0.553272775493
10	3	-1.41942975289
10	6	-1.61582173135
10	9	-0.159738877936
10	8	-0.721113321531
26	10	-0.557000305739
26	15	0.156905616198
26	23	1.00057823538
26	19	0.1647624252
26	32	0.219421932745
26	37	-0.511011572002
26	9	-0.599535206349
26	8	1.09960466853
15	10	-0.993110705721
15	26	-1.35423304507
15	19	-1.44133670137
15	37	-0.232128861287
15	9	0.00434437286203
15	8	-0.571493831739
23	10	0.510899090873
23	26	1.10180325157
23	15	0.551847170376
23	19	-0.350287252417
23	37	-0.484285069827
23	33	-0.0734322658289
23	3	-0.681147946516
23	9	-0.376627667829
23	8	-0.238655676983
19	10	-1.44651802942
19	26	0.467337710714
19	15	0.112379750616
19	23	0.241059259102
19	33	-0.902895927785
19	37	-0.685536184982
19	1	-1.45080549617
19	3	4.40433139819
19	6	-2.04960831265
19	9	-0.644061071931
19	8	-0.0499105499411
32	26	-1.29171672852
37	10	-1.00668655275
37	26	-1.00077675535
37	15	0.984242737735
37	23	-0.685279027171
37	19	-1.02288103795
37	33	-0.226031061764
37	6	-2.52095098302
37	9	-0.204229595268
37	8	-0.976248836214
1	26	-1.17638243164
1	15	0.808637061443
1	19	-0.223496108747
1	33	-0.271637990657
1	3	0.810630044842
1	8	-0.774548916039
33	10	-0.196594701884
33	23	-1.04399298765
33	19	-1.81480942413
33	37	-0.605601584041
33	3	0.71430232455
33	7	0.698125970508
33	6	-0.994683106213
33	9	-0.49912709729
33	8	-0.879967180793
3	26	-1.14935013944
3	23	-0.0756411170712
3	19	2.40351113143
3	37	-0.612240318954
3	1	0.182475338641
3	33	3.07036236021
3	7	0.431489740795
3	9	-0.570765205905
3	8	0.80337780048
7	19	-1.32947265528
7	8	-0.697846090248
7	3	-1.14033835978
7	33	-0.0776270631957
7	23	-0.861871897102
6	10	-0.50084392432
6	23	-1.47942387273
6	33	-0.825177786219
6	1	-2.98309806032
6	3	-1.23789534581
6	9	-1.64836817782
9	10	-0.735558007065
9	26	-1.42482131113
9	23	-0.853499421132
9	33	-0.390078122745
9	37	-0.545106764924
9	8	-0.689473614277
8	10	-0.427728502557
8	26	0.423173152945
8	15	0.718208929839
8	23	-0.0413216032758
8	19	-0.57392173515
8	37	-0.837918299959
8	1	-1.28499829607
8	33	0.547925109532
8	3	0.785201286935
8	6	-2.52698729612
8	9	-0.145266534667
