11	24	2.71077573767
11	12	2.78336776044
11	15	1.93501509445
11	14	2.84696390378
11	17	3.79952985712
11	16	1.78758575691
11	23	3.63105380882
11	1	1.01908898767
11	3	1.51873648767
11	2	1.65145905837
11	7	4.09086195389
11	9	2.03137879766
11	8	4.3917812764
24	12	3.58475102896
24	2	3.48327876332
12	11	3.33970380538
12	24	2.88373991229
12	16	1.57098490066
12	23	11.0170730383
12	3	2.47761517357
12	2	3.4346868934
12	7	7.31783455776
12	9	3.60965310327
12	8	6.83170561113
15	11	1.13191426663
15	12	1.53445690759
15	16	2.04233009659
15	1	1.28432455361
15	3	2.12461122037
15	2	1.22689735466
15	7	0.988299273361
15	9	1.19577627724
15	8	0.914344901298
14	11	1.71859253962
14	8	0.882761312441
14	16	1.71149065798
17	1	1.89479229863
17	11	4.00934217176
17	3	2.52899167811
17	16	1.41627411792
16	11	0.963502476559
16	12	1.03589717704
16	15	2.04233009659
16	17	1.02162283731
16	23	1.01564208007
16	3	1.62605148981
16	2	0.7283376241
16	7	0.959586443578
16	9	1.16706344746
16	8	0.745933111228
23	11	3.96013642254
23	12	13.0567797672
23	15	1.69797544983
23	16	1.5505461123
23	3	1.28169684306
23	2	5.33007787213
23	7	11.2729646514
23	9	3.85521202587
23	8	14.6651932832
1	11	1.0419053863
1	12	2.57237185225
1	15	1.51793189898
1	16	1.49584510684
1	23	0.887957702527
1	3	3.36861345231
1	2	2.47089958659
1	7	1.03329590999
3	11	1.68556524132
3	24	0.817426773675
3	12	2.50028245685
3	15	2.27019165271
3	17	2.07383354256
3	16	1.77163192215
3	23	1.11944298299
3	1	1.42580095373
3	2	3.42924662761
3	7	1.12977567349
3	9	1.13116539009
3	8	4.14713061066
2	12	3.18873599087
2	15	1.92820875032
2	16	1.42964901976
2	23	4.07485667711
2	1	3.14469092417
2	3	2.95454115452
2	7	0.787792771098
2	8	7.1025443048
7	11	2.4443118784
7	12	5.16326329514
7	15	1.4296886072
7	16	1.40677356035
7	23	6.82428451485
7	9	5.06484564337
7	8	7.17283740786
9	11	2.66269213511
9	12	2.08424695533
9	15	1.44198157663
9	23	2.30265716406
9	7	9.40358192914
9	8	3.26947191891
8	11	4.40792577022
8	12	7.52803778372
8	15	1.52750293567
8	16	1.38007359813
8	23	17.4435644725
8	3	3.37818448899
8	2	4.33525620882
8	7	10.4842302754
8	9	6.15778695909
