11	39	1.39227308022
11	12	1.05474397104
11	15	1.58735444784
11	14	1.05474397104
11	17	2.62987981388
11	23	2.2923507047
11	19	2.59994177537
11	34	1.02480593254
11	3	1.95482159552
11	4	1.05474397104
13	3	1.05474397104
13	15	1.05474397104
13	4	1.05474397104
13	17	1.05474397104
13	6	1.05474397104
12	11	1.05474397104
12	19	1.05474397104
12	17	1.05474397104
12	34	1.05474397104
15	11	1.36233504172
15	39	1.50478278328
15	14	1.05474397104
15	17	2.17984100164
15	19	2.71245147843
15	3	1.61729248634
15	4	1.84231189246
14	11	1.05474397104
14	39	1.05474397104
14	15	1.05474397104
14	17	1.02480593254
17	11	1.7298021894
17	39	1.1672536741
17	12	1.05474397104
17	15	2.40486040776
17	14	1.02480593254
17	23	1.95482159552
17	19	3.86748654754
17	34	1.05474397104
17	3	2.62987981388
17	6	1.61729248634
23	11	1.95482159552
23	39	1.61729248634
23	17	1.84231189246
23	19	1.95482159552
23	34	1.05474397104
23	3	1.84231189246
23	7	1.27976337716
19	11	3.04998058761
19	13	1.05474397104
19	12	1.05474397104
19	15	2.71245147843
19	14	1.05474397104
19	17	4.20501565672
19	23	2.2923507047
19	39	1.1672536741
19	34	1.02480593254
19	3	4.31752535978
19	4	1.95482159552
19	6	1.27976337716
39	11	1.84231189246
39	12	1.05474397104
39	15	1.1672536741
39	14	1.05474397104
39	17	1.39227308022
39	23	1.1672536741
39	19	1.27976337716
39	4	1.36233504172
39	7	1.05474397104
34	11	1.02480593254
34	39	1.05474397104
34	12	1.05474397104
34	17	1.05474397104
34	23	1.05474397104
34	19	1.02480593254
34	3	1.05474397104
34	4	1.05474397104
34	6	1.05474397104
3	11	1.84231189246
3	13	1.05474397104
3	12	1.05474397104
3	15	1.84231189246
3	17	5.21760298426
3	23	2.74238951694
3	19	3.4174477353
3	34	1.05474397104
3	6	1.6998641509
4	11	1.05474397104
4	13	1.27976337716
4	15	2.40486040776
4	14	1.05474397104
4	17	1.50478278328
4	19	2.96740892306
4	39	2.48743207232
4	34	1.05474397104
4	7	1.05474397104
4	6	2.48743207232
7	3	1.05474397104
7	15	1.02480593254
7	39	1.05474397104
7	23	1.50478278328
6	11	1.27976337716
6	13	1.05474397104
6	15	1.1672536741
6	14	1.05474397104
6	17	1.7298021894
6	23	1.27976337716
6	19	1.7298021894
6	39	1.02480593254
6	34	1.05474397104
6	3	2.26241266619
6	4	2.48743207232
6	7	1.1672536741
