10	1	0.630306897972
10	19	2.69877198163
10	13	3.87280392862
10	7	3.28325444601
13	10	4.80584257939
13	27	2.32226752472
13	20	1.3723260441
13	17	4.95135366083
13	25	2.76108801712
13	19	2.3947564041
13	31	0.789561376247
13	28	1.29981078079
13	1	2.00594287967
13	4	1.59194952857
13	7	2.25005102303
13	9	2.17692570616
27	25	2.12620690465
27	13	2.41731781056
27	20	0.738808178142
27	19	4.97499651605
27	18	7.82106562637
27	31	0.740475824385
27	28	1.24884598471
27	1	2.10103458384
27	4	5.04642641676
27	7	3.37062273186
27	9	2.27208933794
20	25	1.18316003114
20	13	1.10497563987
20	27	0.667063666065
20	17	4.17252956116
20	19	2.71506186887
20	18	1.39762294609
20	31	3.30026356677
20	28	0.667365165345
20	4	1.10575825554
20	7	1.40179528551
17	25	1.28567120792
17	13	3.47516830432
17	27	6.83450332094
17	20	3.25976386884
17	19	2.52956656467
17	18	8.00293019205
17	31	2.09180499226
17	28	1.28467394943
17	1	6.66466521962
17	4	2.89130742903
17	7	3.55267018598
17	9	3.47637394957
25	10	2.06400598221
25	13	2.05113844342
25	20	0.877403792646
25	17	0.73687891911
25	19	2.04594072768
25	31	0.585566830669
25	28	0.590882420215
25	7	0.731819812493
25	9	2.21018052514
19	10	2.79911634497
19	13	2.28327174486
19	27	4.32846244778
19	20	2.43349153473
19	17	1.8456796853
19	25	2.06900915051
19	18	3.89065715039
19	31	2.72595038974
19	28	0.677514229153
19	4	1.11572663003
19	7	3.01853557909
19	9	3.67582673651
18	13	1.44359359643
18	27	8.60036060438
18	20	0.936884086818
18	19	5.3187015289
18	31	5.17287924367
18	9	2.02958301993
31	10	2.34503620551
31	13	0.807527920707
31	27	0.662360018527
31	20	3.00292332277
31	17	1.39264525565
31	25	0.884888919303
31	19	3.87987137146
31	18	3.14526495354
31	28	0.662631055623
31	1	0.709249335805
31	4	1.39302735885
31	7	3.88086099061
31	9	1.61538188036
28	13	1.15612752523
28	27	1.15670623537
28	20	0.650209607968
28	17	1.15677935171
28	19	0.650340389054
28	31	0.650848016374
28	1	0.5506532292
28	7	0.651121080882
1	13	2.47021687434
1	27	2.47035026782
1	17	6.70609704817
1	31	0.991235076327
1	28	0.572283752468
1	4	3.93165724365
4	13	1.4626978839
4	27	5.84449035515
4	20	1.39549615583
4	31	2.41807765434
4	17	2.33935682161
7	10	2.77578059234
7	13	1.96844609929
7	27	2.99178304876
7	20	1.82743004156
7	17	2.55379121483
7	25	1.0234663591
7	19	3.58087600078
7	31	2.41282947223
7	28	0.655226826927
7	9	1.75426958647
9	25	2.07054059375
9	13	1.18092034437
9	27	1.7653202429
9	20	1.0298682002
9	19	2.78254645195
9	18	2.34958033855
9	31	1.17604822521
9	28	0.59709509993
9	7	1.03045184431
