24	10	0.335043101936
24	13	0.540534238641
24	20	0.319027282764
24	22	0.517673978656
24	4	0.6478341589
24	7	0.600951238551
24	9	0.449341007895
24	8	0.125044995287
10	20	2.65337707172
10	22	-0.0379454897028
10	23	0.159350845884
10	19	-0.0277259631842
10	18	0.0921412498666
10	4	0.672517995389
10	7	0.625842900573
10	6	3.50758944942
10	9	0.840046886445
10	8	0.295885543428
13	9	0.491730111667
20	10	3.12839125138
20	22	0.254190220922
20	19	-0.165408026819
20	4	1.62141272232
20	7	0.701167559479
20	6	0.379666228449
20	9	0.331544820263
20	8	1.1718875914
22	9	0.262761934089
22	4	0.340932494281
22	7	0.585340456303
23	24	0.0947432685241
23	10	0.0896607484443
23	22	0.272455249736
23	18	0.132529780028
23	1	0.238602861003
23	4	0.548097226935
23	7	0.646801804159
23	6	-0.402392586799
23	8	0.171195351963
19	10	0.120209152199
19	4	0.360280979955
19	7	0.531791864601
18	10	0.239787573827
18	22	0.567542993803
18	23	0.203810058742
18	4	0.479862880222
18	7	0.651361233718
18	6	-0.39791615745
1	9	0.562839724335
1	4	0.360844671603
4	24	0.66111703657
4	10	0.82130841308
4	20	1.14952772482
4	22	0.278564721212
4	23	0.693702950508
4	18	0.407954445384
4	7	0.795856764627
4	6	2.22165094041
4	9	0.283005575559
7	10	0.829502477407
7	20	0.720437602537
7	23	0.410213019233
7	19	0.515043637078
7	18	0.633956394022
7	4	0.77827205103
7	6	0.628292204073
7	9	0.727634509227
7	8	0.0371170363199
6	10	2.64874464277
6	20	0.792088952498
6	22	-0.806370880283
6	23	-0.682822774557
6	19	-0.868942068798
6	18	-0.750011194486
6	4	0.996008360992
6	7	0.00307710345323
6	9	-0.00116312355286
6	8	0.473531886141
9	10	1.17553913476
9	22	0.241063605877
9	4	0.396490767141
9	7	0.859329482625
9	6	-0.190049893488
9	8	0.0924238653689
8	10	0.324656411839
8	20	1.37965575782
8	19	-0.208482293861
8	18	-0.0899390164317
8	7	-0.064585408213
8	6	-0.313299263711
8	9	0.149701752252
