11	25	1.01779908363
11	20	2.07444417405
11	14	0.974130341653
11	19	1.85277914176
11	33	1.66079095364
11	7	2.03530260509
11	9	1.0993768263
25	14	0.970473925293
25	16	0.931927223613
25	33	3.07755773107
25	36	2.2279833315
25	34	2.96157153188
25	1	-0.014194176069
25	7	1.23265814222
25	9	1.539602658
39	9	0.561823781043
39	19	0.352195299155
39	7	0.814558259719
20	11	2.3216664131
20	25	3.30871942072
20	16	3.06246122623
20	19	3.09189223189
20	33	5.66548413013
20	7	2.48893779711
20	6	1.43721538644
14	9	0.76350422984
14	11	0.848967324497
14	36	0.741673306436
14	7	1.01623870852
14	19	0.642652197563
16	11	0.920051125678
16	20	2.8884829225
16	19	1.88133999209
16	34	1.82618480523
16	33	3.54014709743
16	7	1.07381236131
16	6	1.55830989082
19	11	2.44952857532
19	25	0.506958745752
19	39	0.406580783771
19	20	3.17509007758
19	14	1.09823529945
19	16	0.71809294771
19	1	0.912555244593
19	7	2.60328981095
19	6	1.04592899938
19	9	1.38752453493
36	25	2.16028268058
36	39	0.625971376414
36	14	0.873743644031
36	33	1.73795715524
36	7	1.4022572098
36	9	0.91021367907
34	25	3.01131738947
34	20	3.11844183094
34	16	4.27425883838
34	33	4.21398825393
34	36	1.20675876689
34	1	0.57606750073
34	7	0.948665471294
34	6	0.87348400635
1	25	0.521219944609
1	16	2.67192588964
1	19	1.28093370151
1	34	1.50561801188
1	33	1.62160421107
1	6	0.957903600237
1	9	0.691574136894
33	11	1.32380601715
33	25	3.82005866818
33	39	1.06989736623
33	20	5.70271210189
33	14	1.58399898268
33	16	3.04114177601
33	19	0.939937990989
33	36	2.28182939443
33	34	4.37408463578
33	7	1.93495964922
33	9	1.68222517055
7	11	2.09094195181
7	25	1.74634821525
7	20	3.54022519935
7	14	1.19704107239
7	19	1.97340327449
7	36	1.09588343763
7	34	1.23505678752
7	33	2.15003103321
7	6	0.851385126704
7	9	1.29526726025
6	25	0.739866778345
6	20	1.27736331948
6	16	1.12855387953
6	19	1.06920843558
6	36	0.622060698389
6	34	1.10282969833
6	1	0.257698781067
6	33	1.57392169597
6	7	0.883115952077
9	11	1.32510702851
9	20	1.06061743664
9	14	0.936844549976
9	19	0.572623055511
9	36	0.951483661611
9	33	1.8898345108
9	7	1.19902876691
