11	10	6.03525635491
11	21	2.13710949982
11	22	0.902056556265
11	18	3.1786642209
11	3	1.61744406094
11	5	1.35914022017
11	4	1.65373004693
11	9	3.14221776536
11	8	4.76499048579
10	11	6.30714302476
10	14	3.58163928297
10	22	9.8018474657
10	18	1.62087387328
10	3	2.18380249213
10	5	4.70290581486
10	4	5.16145218323
10	7	3.81527651552
10	9	4.52467098868
10	8	5.65865838335
10	21	2.3771325243
14	11	1.87489810696
14	10	3.31254395555
14	21	2.39008946248
14	22	8.01804796466
14	18	8.33400445519
14	1	4.86325246569
14	3	6.28339890212
14	5	4.17211154256
14	4	5.61050973879
14	8	3.98300867723
22	10	15.9539593138
22	14	5.12581283368
22	18	2.1832819926
22	3	5.52436646018
22	5	1.78011738256
22	4	11.225656471
22	9	3.4200064594
22	8	1.75448785689
18	11	6.88149202643
18	10	1.29291833886
18	14	6.64059065915
18	1	1.86063028992
18	3	2.13704165605
18	5	1.82463797774
18	4	1.13880764741
18	7	4.06308958881
18	24	2.88166174241
18	9	3.30183069038
18	8	6.21149023279
1	11	0.683779092904
1	10	0.160378283993
1	14	3.46242161932
1	22	2.98228310522
1	18	1.99101685119
1	3	3.86124763501
1	5	0.961922864004
3	11	0.808583868511
3	10	3.22656392398
3	14	7.9205408009
3	22	6.9506746169
3	18	2.52789886552
3	1	3.14052833396
3	5	1.47138679375
3	4	2.58326778683
3	24	4.48893407548
3	9	1.14989585588
3	8	1.93583751647
3	21	2.46710899677
5	11	1.0260820921
5	10	6.38576903697
5	14	6.64515726648
5	22	3.06070611988
5	18	2.3964903745
5	3	1.81595498422
5	4	4.28498769472
5	7	1.96625549623
5	24	2.88740392121
5	9	2.51191539939
5	8	4.12812461507
4	10	6.7650438669
4	14	4.57427925356
4	22	10.9574292427
4	1	1.62398026512
4	3	2.35863688607
4	5	3.71658174572
4	9	1.74743192153
4	8	1.72954073604
7	24	1.17165388706
7	10	2.88401768647
7	21	1.11050021885
7	18	2.9690605238
7	9	2.76843709642
7	8	1.12416357333
7	14	2.15346075015
24	11	5.7767567484
24	14	5.20891654666
24	18	4.71774421686
24	3	3.97350757319
24	5	1.86449131228
24	7	0.997172038529
24	8	2.16499976552
24	21	1.55232271489
9	11	2.67117743695
9	10	3.45506789371
9	14	0.600025203886
9	22	1.42708988763
9	18	0.92593420879
9	5	0.74093544006
9	4	2.01593630664
9	7	2.63046053078
9	8	1.04168896739
9	21	0.86513456061
8	11	5.65285137135
8	10	4.31281432373
8	14	3.91875649106
8	22	2.29491292685
8	18	4.57313821545
8	1	0.968177942843
8	3	2.19516261055
8	5	2.89749968649
8	4	2.70211420329
8	7	1.85400186196
8	24	2.4495979514
8	9	1.9098285264
8	21	2.71518183252
21	24	1.40970559297
21	10	1.45555789401
21	14	1.57416361704
21	3	1.64577396861
21	5	1.00749178898
21	9	1.01312569344
21	8	2.12508193623
