24	11	0.577609208252
24	10	1.5772705067
24	13	1.59762664057
24	21	4.79072235182
24	19	0.723732905262
24	28	1.8532694015
24	26	5.2137409809
24	2	4.04593609689
24	5	3.02366490976
24	4	4.64459405697
24	7	1.8697028367
10	11	3.60996759186
10	13	0.650383969858
10	21	2.73215801727
10	22	3.90094572838
10	19	2.00437805705
10	28	2.07744404803
10	26	1.93147476713
10	2	4.56104663308
10	5	0.910015124609
10	4	6.52998826093
10	7	2.14883333678
10	8	4.4858754674
13	24	1.54444172053
13	26	1.10706724636
13	21	0.806418641968
13	22	0.952568194356
13	19	0.510740276911
13	28	0.669584806334
13	2	0.961783804884
13	4	0.952757514613
13	8	1.09890683518
21	24	4.45603106196
21	10	6.13265672018
21	13	0.691399835897
21	19	1.89898666948
21	28	2.55802083872
21	26	6.20969928265
21	2	3.87320413126
21	4	9.92992598011
21	7	3.06582501935
21	8	3.50435003367
22	10	4.84704686789
22	26	2.00210899736
22	21	3.97091472735
22	19	0.612494399921
22	28	1.41799901036
22	2	4.63136153573
22	4	4.40887653201
22	7	1.92637849254
19	11	1.18768059698
19	10	1.90756759984
19	21	1.61555943765
19	22	1.03163685647
19	28	1.31239278329
19	2	1.31277463047
19	4	2.49258408965
19	7	0.74025215275
19	8	1.17868555976
28	24	1.24551061888
28	10	2.86597390554
28	13	0.698016650252
28	21	1.40567199233
28	22	1.69792677295
28	19	0.847147168992
28	26	2.70621056157
28	5	1.82998757166
28	4	3.15892146706
28	7	1.11428281399
28	8	2.42904558948
26	24	4.78174056373
26	10	2.45930819306
26	13	1.31263939884
26	21	7.86377169831
26	22	1.72977860768
26	28	2.445942069
26	2	2.8841773299
26	5	4.052831922
26	4	6.69554862112
26	7	2.31416731585
26	8	2.89852129039
2	24	4.86865137923
2	10	4.59063600942
2	13	0.959527829593
2	21	3.42257961103
2	22	5.61341969697
2	19	1.40033588329
2	26	2.38578021744
2	5	4.43057625908
2	4	6.19801917114
2	7	1.37863171408
2	8	3.27744354046
5	24	3.88661920032
5	10	0.835047748652
5	26	4.90903028437
5	19	0.856525075772
5	28	2.71841339375
5	4	3.90225790493
5	7	1.56551522514
4	24	2.54796508989
4	10	9.04353043846
4	13	0.976179347008
4	21	10.6506447529
4	22	6.26990266225
4	19	3.93593886076
4	28	3.42411529598
4	26	3.42442397869
4	2	6.20001000227
4	7	2.61823073968
4	11	3.3517700465
4	8	6.99985924335
7	10	1.44263722101
7	26	1.08061679622
7	21	2.90319614206
7	22	2.02731650962
7	19	0.861677414168
7	28	1.08058325053
7	2	1.81137461696
7	4	2.75748985152
7	8	1.88132532945
11	19	1.29009917537
11	10	2.74086153853
11	26	0.53841430656
8	10	5.5408677545
8	26	1.38156079091
8	21	3.64218446962
8	19	3.06078389129
8	28	1.52762005853
8	2	2.55005358998
8	4	4.81097402086
8	7	1.30581957168
