11	16	1.21670346565
11	30	1.05217041372
11	2	1.26308145553
11	5	0.958949216994
11	7	1.35096924135
11	6	0.993548623054
10	16	1.18511898255
10	2	1.22736117747
10	26	1.31278357771
10	7	1.38829673106
10	6	1.01060327101
26	11	1.1606813135
26	12	1.13579622999
26	16	1.40825380175
26	30	1.33717811246
26	36	1.17843223156
26	2	1.75490927422
26	5	1.57673720977
26	4	1.65748877868
26	7	1.22036528451
26	6	1.22577947439
26	9	1.2086937241
26	8	1.42754342456
12	16	1.09744340452
12	30	0.989709984384
12	5	0.933565534573
12	4	1.14418495304
12	7	0.966828247635
12	6	0.955399695512
16	11	1.13502499401
16	10	1.16170035532
16	26	1.44302067099
16	12	1.00760583438
16	30	1.57837726969
16	2	1.47540429067
16	5	1.10638433953
16	4	1.23987898507
16	7	1.17038322519
16	6	1.53595292325
16	9	1.17900271642
16	8	1.5995745
30	11	1.02933598066
30	26	1.47954096087
30	16	1.64937420246
30	2	1.30086376508
30	5	1.05363475896
30	4	1.13844578444
30	7	1.06466822744
30	6	1.43840560018
30	9	1.06519535161
30	8	1.56711096427
36	11	0.961738429148
36	10	1.0046465135
36	26	1.29843669334
36	12	0.907223719597
36	16	1.51708594968
36	2	1.20086372414
36	5	1.00224341614
36	4	1.10733049931
36	7	1.02959509355
36	6	1.35478612671
2	11	1.21482563825
2	26	1.80498208939
2	12	1.05607190875
2	16	1.45853862105
2	30	1.23314443814
2	36	1.10689364724
2	5	1.5088123837
2	4	1.71538229072
2	7	1.26237465026
2	6	1.18264056378
2	9	1.17361383951
2	8	1.21379136238
5	26	1.82018963303
5	12	0.912717269469
5	16	1.1772004324
5	30	1.12236961513
5	36	1.0163947247
5	2	1.56431216534
5	4	1.499381815
5	6	1.01103933934
5	9	1.03015636102
5	8	1.09495915076
4	11	1.03368432287
4	10	1.06441760081
4	26	1.76232774327
4	12	1.01296126688
4	16	1.26556311553
4	30	1.12941955565
4	36	1.05588061023
4	2	1.87599182434
4	5	1.43804817627
4	7	1.07712388239
4	6	1.10722966224
4	9	1.09788885745
4	8	1.13028582213
7	10	1.36746386058
7	12	0.923456229721
7	16	1.17291859325
7	2	1.30044118875
7	4	1.10141274209
7	6	1.0349227042
6	11	0.975837719464
6	10	1.01874560139
6	26	1.3570350617
6	16	1.59614122286
6	30	1.46410258814
6	36	1.35002823334
6	2	1.3650548887
6	5	1.02458813226
6	4	1.13786479984
6	7	1.05175467499
6	8	1.46501950017
9	26	1.30381052516
9	16	1.21675493718
9	36	1.00300055623
9	2	1.22652812752
9	7	1.42804915829
9	8	1.10178913218
8	11	1.02210960183
8	26	1.40374238965
8	16	1.64659697798
8	30	1.55924423832
8	2	1.27776212781
8	5	1.03451586651
8	6	1.47218421097
8	9	1.12690085005
