11	17	2.30403406346
11	23	2.69013035236
11	19	2.61046388653
11	5	1.58703587093
11	7	2.46336699513
11	6	1.81379922816
11	9	1.58703587093
12	23	5.17202683358
12	1	1.34803647342
12	3	2.13246509151
12	2	2.84946328404
12	7	3.81769691436
12	9	2.30403406346
12	8	3.65836398268
17	11	2.54303346097
17	19	3.33969811933
17	1	1.66670233676
17	3	2.21213155734
17	2	3.72579440824
17	7	1.50736940509
17	6	1.42770293925
17	9	1.7463688026
17	8	2.46336699513
23	11	2.92912974987
23	12	5.96869149195
23	19	4.52245906661
23	18	1.34803647342
23	3	1.18870354174
23	2	3.10069872182
23	5	2.46336699513
23	7	5.33135976525
23	6	1.893465694
23	9	2.38370052929
23	8	7.15145243924
19	11	3.40712854489
19	12	2.46336699513
19	17	3.65836398268
19	23	4.04446027159
19	3	2.06503466595
19	2	2.06503466595
19	7	2.94136579015
19	9	2.54303346097
19	8	5.47845665665
18	11	1.90570173427
18	23	2.06503466595
1	11	1.42770293925
1	12	1.98536820011
1	17	1.26837000758
1	23	1.34803647342
1	3	2.06503466595
1	2	2.06503466595
1	5	1.18870354174
1	7	1.42770293925
1	8	1.58703587093
3	11	1.50736940509
3	17	2.13246509151
3	23	1.26837000758
3	19	2.38370052929
3	18	2.61046388653
3	1	1.34803647342
3	2	2.7697968182
3	5	1.81379922816
3	7	1.34803647342
3	6	1.18870354174
3	8	2.54303346097
2	12	2.69013035236
2	17	4.92079139579
2	23	2.54303346097
2	19	2.78203285848
2	1	2.14470113178
2	3	2.37146448902
2	5	2.21213155734
2	6	1.18870354174
2	9	1.50736940509
2	8	3.81769691436
5	9	1.26837000758
5	8	2.14470113178
5	2	1.893465694
5	7	1.58703587093
5	23	2.06503466595
7	11	1.98536820011
7	17	1.82603526844
7	23	3.65836398268
7	19	2.06503466595
7	5	1.58703587093
7	6	1.18870354174
7	9	3.40712854489
7	8	3.89736338019
6	11	1.81379922816
6	17	1.58703587093
6	23	1.893465694
6	3	1.26837000758
6	2	1.26837000758
6	5	1.18870354174
6	7	1.18870354174
6	9	1.26837000758
6	8	2.05279862567
9	11	2.06503466595
9	17	1.58703587093
9	23	1.90570173427
9	19	1.90570173427
9	5	1.42770293925
9	7	5.1597907933
9	8	2.38370052929
8	11	3.16812914738
8	12	3.89736338019
8	17	3.02103225599
8	23	8.18711649508
8	19	7.15145243924
8	18	1.98536820011
8	1	1.18870354174
8	3	2.06503466595
8	2	2.78203285848
8	5	2.06503466595
8	7	5.09236036774
8	6	2.21213155734
8	9	3.33969811933
