11	10	6.47543159307
11	12	0.477187307275
11	14	0.844857441932
11	22	0.544849641963
11	18	3.03968182342
11	3	1.20355897998
11	4	1.23736377265
11	9	2.89848085769
11	8	4.83017507902
10	11	6.5042537067
10	14	3.37551905712
10	22	10.6302773765
10	18	1.03748376701
10	3	1.65665991236
10	4	5.09010945871
10	9	4.29592755499
10	8	5.66101431736
12	10	1.10358529601
14	11	1.31502849694
14	10	3.06139138656
14	12	2.31068759023
14	22	8.38136702634
14	18	8.60976937199
14	1	4.77651926972
14	3	6.20703906961
14	4	5.52616304438
14	24	5.82458350399
14	8	3.64176891426
22	24	0.950432576256
22	10	17.6407632161
22	12	1.96939633409
22	14	4.94043881646
22	3	5.29914035452
22	4	11.9841612956
22	9	2.92053245469
22	8	1.03404782232
18	11	7.29389220878
18	10	0.918881520148
18	12	3.56782247751
18	14	6.91660326586
18	22	1.51712833535
18	3	1.60923021442
18	4	0.550615883232
18	24	2.35998956669
18	9	3.00800537425
18	8	6.4098570254
1	24	1.22630250983
1	10	-0.255601330757
1	14	3.51648637319
1	18	1.74505854204
1	3	3.87518791125
1	4	0.509347950224
3	11	0.27032784288
3	10	3.1499056504
3	12	1.64372524215
3	14	8.39215078418
3	22	7.33666637228
3	18	2.08786328143
3	1	2.97634200373
3	4	2.21503255454
3	24	4.21327539099
3	9	0.517300679939
3	8	1.46385334231
4	11	0.760917169351
4	10	7.22900888355
4	14	4.57954538609
4	22	12.0231728584
4	18	1.67490263703
4	1	1.20050149441
4	3	1.91634047642
4	24	1.15614660483
4	9	1.19675915939
4	8	1.34703941579
24	11	6.34082985141
24	10	1.09903408067
24	14	5.58580260252
24	22	1.13067343693
24	18	4.94758968926
24	1	1.30320873997
24	3	4.05581261074
24	4	0.730768443759
24	9	1.11059725197
24	8	2.05714991434
9	11	2.84311536825
9	8	0.866661061012
9	4	1.99557857921
9	22	1.4919336015
9	10	3.83400164595
8	11	5.96451872794
8	10	4.50010601686
8	14	3.92820320221
8	22	2.11724217837
8	18	4.61207435983
8	3	1.83160575148
8	4	2.58009136204
8	24	2.01575764481
8	9	1.48976274043
