13	38	2.42999734876
13	21	2.29369517206
13	22	1.1770078653
13	1	1.16839120277
13	2	1.75273506811
13	5	2.70258900684
13	7	1.15468104272
13	8	0.745133481058
38	13	2.35128178799
38	22	1.28092191948
38	23	1.46131034235
38	1	1.06621796966
38	2	1.44447454773
38	5	2.18824119918
38	7	1.05250780962
38	9	1.28557908645
38	8	0.849047535237
15	2	1.71342587718
15	17	1.26593008288
21	13	2.30325856693
21	17	1.60934521502
21	22	1.23289869843
21	23	1.41328712129
21	1	1.43036932317
21	3	1.64510113861
21	2	1.39645132667
21	5	2.55239255268
21	9	1.23755586539
21	8	1.21319888874
22	13	1.79567861478
22	15	2.41836912071
22	21	1.84200605303
22	17	2.91442302762
22	23	1.89401578475
22	3	7.52622709222
22	2	2.53756967277
22	5	1.63263802597
22	7	3.92883741819
22	9	2.13045910342
22	8	4.9619008675
23	38	1.77424444236
23	21	1.63794226565
23	22	1.13088278609
23	2	0.890894874424
23	17	1.91317975888
23	7	1.93290511264
23	9	1.33530312196
23	8	1.11118297641
1	9	1.52234989395
1	8	-0.0139155822473
1	3	2.75537112302
3	22	5.18808552029
2	13	1.83133221936
2	38	2.01396183431
2	21	1.87765965761
2	22	2.40967064911
2	23	1.76570992285
2	1	1.16453026288
2	5	1.66829163055
2	17	3.81655360213
2	7	6.92126414676
2	9	2.00215324151
2	8	3.42040727585
5	13	2.51262096491
5	21	2.35286111588
5	22	1.03008652184
5	1	2.05190629571
5	2	1.19363915008
5	9	1.65300555065
5	8	0.804299424874
17	38	1.52845099626
17	15	1.00099251819
17	21	1.59823610684
17	22	2.53378763825
17	23	2.08959008089
17	8	3.95669883954
7	13	2.36990068318
7	38	1.728181149
7	17	1.63385951047
7	22	3.70103716003
7	23	2.26215056587
7	1	0.973411555476
7	2	6.20310105041
7	9	3.11685574637
7	8	4.71177378677
9	38	1.61894768732
9	21	1.6887327979
9	22	3.03645890387
9	23	1.35573762283
9	2	0.941685406667
9	5	1.47936477084
9	7	2.18978293216
9	8	4.04719553061
8	38	2.01209182763
8	15	3.07041458045
8	21	1.87578965092
8	22	4.39712241322
8	23	1.51562480808
8	3	3.85043951903
8	2	9.16614646372
8	5	1.66642162386
8	17	7.06995237116
8	7	5.40523202705
8	9	3.400766425
