10	PC-med	31
10	26	6
10	14	2
10	23	3
10	19	4
10	37	2
10	33	9
10	3	3
10	6	8
10	PC-long	4
10	PA-long	5
10	21	8
26	PC-med	46
26	10	1
26	21	7
26	23	12
26	19	24
26	37	3
26	1	1
26	33	2
26	3	2
26	6	1
26	PC-long	0
26	PA-long	3
14	PC-med	5
14	10	2
14	26	1
14	23	2
14	33	1
14	37	1
14	6	2
14	PC-long	0
14	PA-long	0
23	PC-med	41
23	10	6
23	26	7
23	14	5
23	19	12
23	37	5
23	33	10
23	3	7
23	6	3
23	PC-long	11
23	PA-long	13
23	21	2
19	PC-med	92
19	10	3
19	26	23
19	21	15
19	23	15
19	33	1
19	37	8
19	1	1
19	3	38
19	6	9
19	PC-long	9
19	PA-long	12
37	PC-med	28
37	10	4
37	26	4
37	21	2
37	23	5
37	19	7
37	33	2
37	3	6
37	6	5
37	PC-long	4
37	PA-long	4
1	PC-med	10
1	26	1
1	14	1
1	23	1
1	19	3
1	33	2
1	3	5
1	PC-long	2
1	PA-long	3
1	21	1
33	PC-med	48
33	10	9
33	26	1
33	14	1
33	23	4
33	19	1
33	37	3
33	1	2
33	3	17
33	6	21
33	PC-long	3
33	PA-long	3
33	21	8
3	PC-med	84
3	10	6
3	26	6
3	14	3
3	23	5
3	19	31
3	37	6
3	1	7
3	33	27
3	6	9
3	PC-long	19
3	PA-long	19
3	21	19
6	PC-med	40
6	10	10
6	26	8
6	14	2
6	23	1
6	19	6
6	37	3
6	33	16
6	3	6
6	PC-long	5
6	PA-long	6
6	21	3
21	PC-med	51
21	10	6
21	26	7
21	23	9
21	19	20
21	37	5
21	1	1
21	33	7
21	3	18
21	6	5
21	PC-long	16
21	PA-long	17
